0,0,16,16
16,0,33,16
33,0,50,16
50,0,67,16
67,0,83,16
83,0,100,16
100,0,117,16
117,0,134,16
134,0,150,16
150,0,167,16
167,0,184,16
184,0,201,16
201,0,217,16
217,0,234,16
234,0,251,16
251,0,268,16
0,16,16,33
16,16,33,33
33,16,50,33
50,16,67,33
67,16,83,33
83,16,100,33
100,16,117,33
117,16,134,33
134,16,150,33
150,16,167,33
167,16,184,33
184,16,201,33
201,16,217,33
217,16,234,33
234,16,251,33
251,16,268,33
0,33,16,50
16,33,33,50
33,33,50,50
50,33,67,50
67,33,83,50
83,33,100,50
100,33,117,50
117,33,134,50
134,33,150,50
150,33,167,50
167,33,184,50
184,33,201,50
201,33,217,50
217,33,234,50
234,33,251,50
251,33,268,50
0,50,16,67
16,50,33,67
33,50,50,67
50,50,67,67
67,50,83,67
83,50,100,67
100,50,117,67
117,50,134,67
134,50,150,67
150,50,167,67
167,50,184,67
184,50,201,67
201,50,217,67
217,50,234,67
234,50,251,67
251,50,268,67
0,67,16,83
16,67,33,83
33,67,50,83
50,67,67,83
67,67,83,83
83,67,100,83
100,67,117,83
117,67,134,83
134,67,150,83
150,67,167,83
167,67,184,83
184,67,201,83
201,67,217,83
217,67,234,83
234,67,251,83
251,67,268,83
0,83,16,100
16,83,33,100
33,83,50,100
50,83,67,100
67,83,83,100
83,83,100,100
100,83,117,100
117,83,134,100
134,83,150,100
150,83,167,100
167,83,184,100
184,83,201,100
201,83,217,100
217,83,234,100
234,83,251,100
251,83,268,100
0,100,16,117
16,100,33,117
33,100,50,117
50,100,67,117
67,100,83,117
83,100,100,117
100,100,117,117
117,100,134,117
134,100,150,117
150,100,167,117
167,100,184,117
184,100,201,117
201,100,217,117
217,100,234,117
234,100,251,117
251,100,268,117
0,117,16,134
16,117,33,134
33,117,50,134
50,117,67,134
67,117,83,134
83,117,100,134
100,117,117,134
117,117,134,134
134,117,150,134
150,117,167,134
167,117,184,134
184,117,201,134
201,117,217,134
217,117,234,134
234,117,251,134
251,117,268,134
0,134,16,150
16,134,33,150
33,134,50,150
50,134,67,150
67,134,83,150
83,134,100,150
100,134,117,150
117,134,134,150
134,134,150,150
150,134,167,150
167,134,184,150
184,134,201,150
201,134,217,150
217,134,234,150
234,134,251,150
251,134,268,150
0,150,16,167
16,150,33,167
33,150,50,167
50,150,67,167
67,150,83,167
83,150,100,167
100,150,117,167
117,150,134,167
134,150,150,167
150,150,167,167
167,150,184,167
184,150,201,167
201,150,217,167
217,150,234,167
234,150,251,167
251,150,268,167
0,167,16,184
16,167,33,184
33,167,50,184
50,167,67,184
67,167,83,184
83,167,100,184
100,167,117,184
117,167,134,184
134,167,150,184
150,167,167,184
167,167,184,184
184,167,201,184
201,167,217,184
217,167,234,184
234,167,251,184
251,167,268,184
0,184,16,201
16,184,33,201
33,184,50,201
50,184,67,201
67,184,83,201
83,184,100,201
100,184,117,201
117,184,134,201
134,184,150,201
150,184,167,201
167,184,184,201
184,184,201,201
201,184,217,201
217,184,234,201
234,184,251,201
251,184,268,201
0,201,16,217
16,201,33,217
33,201,50,217
50,201,67,217
67,201,83,217
83,201,100,217
100,201,117,217
117,201,134,217
134,201,150,217
150,201,167,217
167,201,184,217
184,201,201,217
201,201,217,217
217,201,234,217
234,201,251,217
251,201,268,217
0,217,16,234
16,217,33,234
33,217,50,234
50,217,67,234
67,217,83,234
83,217,100,234
100,217,117,234
117,217,134,234
134,217,150,234
150,217,167,234
167,217,184,234
184,217,201,234
201,217,217,234
217,217,234,234
234,217,251,234
251,217,268,234
0,234,16,251
16,234,33,251
33,234,50,251
50,234,67,251
67,234,83,251
83,234,100,251
100,234,117,251
117,234,134,251
134,234,150,251
150,234,167,251
167,234,184,251
184,234,201,251
201,234,217,251
217,234,234,251
234,234,251,251
251,234,268,251
0,251,16,268
16,251,33,268
33,251,50,268
50,251,67,268
67,251,83,268
83,251,100,268
100,251,117,268
117,251,134,268
134,251,150,268
150,251,167,268
167,251,184,268
184,251,201,268
201,251,217,268
217,251,234,268
234,251,251,268
251,251,268,268
